48
gi_87137207_gb_DQ362940.1_loc_Centro  0.0000000 0.0034310 0.0068834 0.0138402 0.0138190 0.0499135 0.1755557 0.1669428 0.1710019 0.1710019 0.1621701 0.1621701 0.1756283 0.1756283 0.1622368 0.1622368 0.1762177 0.1762164 0.1578199 0.1529998 0.1469826 0.1643919 0.1922989 0.2006210 0.1777922 0.1600102 0.1695598 0.1918342 0.1600493 0.1607552 0.1736521 0.1601487 0.1644683 0.1429323 0.1420580 0.1465426 0.1469977 0.7842779 0.7863030 0.7776008 0.7773432 0.7963598 0.8077584 0.7669918 0.7695135 0.8084861 0.8548717 0.8466273 
gi_42632357_gb_AY530092.1_loc_Centro  0.0034310 0.0000000 0.0103575 0.0173548 0.0173281 0.0536544 0.1802155 0.1715548 0.1756283 0.1756283 0.1667398 0.1667398 0.1802902 0.1802902 0.1668086 0.1668086 0.1809018 0.1809000 0.1623625 0.1485625 0.1514036 0.1689291 0.1970540 0.2055135 0.1824213 0.1645186 0.1741562 0.1965733 0.1645589 0.1652921 0.1782643 0.1646624 0.1690089 0.1473339 0.1464236 0.1509454 0.1514191 0.7737461 0.7757179 0.7672452 0.7669918 0.7859943 0.7970041 0.7566795 0.7591438 0.7978287 0.8438434 0.8353594 
gi_87137205_gb_DQ362939.1_loc_Centro  0.0068834 0.0103575 0.0000000 0.0208918 0.0208593 0.0574204 0.1849110 0.1762023 0.1802902 0.1802902 0.1713444 0.1713444 0.1849878 0.1849878 0.1714152 0.1714152 0.1856223 0.1856200 0.1669396 0.1620226 0.1558577 0.1735007 0.2018461 0.2104452 0.1870856 0.1690612 0.1787880 0.2013491 0.1691026 0.1698638 0.1829118 0.1692103 0.1735839 0.1517685 0.1420804 0.1553809 0.1558737 0.7845423 0.7865694 0.7778586 0.7776008 0.7966239 0.8080363 0.7672452 0.7697691 0.8087617 0.8551731 0.8469324 
gi_374433002_gb_JQ413412.1_loc_Centro 0.0138402 0.0173548 0.0208918 0.0000000 0.0279618 0.0649579 0.1756969 0.1670741 0.1711376 0.1711376 0.1622957 0.1622957 0.1757697 0.1757697 0.1623625 0.1623625 0.1763603 0.1763590 0.1667398 0.1618313 0.1556773 0.1732926 0.2015884 0.2101674 0.1868549 0.1688602 0.1785701 0.2010930 0.1689014 0.1696604 0.1826876 0.1690089 0.1733755 0.1515940 0.1506495 0.1552019 0.1556933 0.7442200 0.7460499 0.7381870 0.7379448 0.7569287 0.7669029 0.7277239 0.7300376 0.7679919 0.8130758 0.8039397 
gi_213536496_gb_EU857548.1_loc_Centro 0.0138190 0.0173281 0.0208593 0.0279618 0.0000000 0.0425171 0.1752993 0.1667019 0.1707541 0.1707541 0.1619384 0.1619384 0.1753717 0.1753717 0.1620049 0.1620049 0.1759589 0.1759576 0.1575960 0.1527852 0.1467800 0.1641586 0.2015046 0.2100783 0.1867781 0.1687913 0.1784965 0.2010097 0.1688325 0.1695908 0.1734011 0.1599227 0.1642347 0.1427364 0.1418649 0.1463415 0.1467951 0.7972925 0.7993536 0.7904912 0.7902321 0.8089886 0.8206886 0.7799824 0.7825391 0.8212882 0.8673717 0.8595401 
gi_213536484_gb_EU857542.1_loc_Centro 0.0499135 0.0536544 0.0574204 0.0649579 0.0425171 0.0000000 0.1751310 0.1665442 0.1705917 0.1705917 0.1617870 0.1617870 0.1752032 0.1752032 0.1618533 0.1618533 0.1757891 0.1757878 0.1574498 0.1526453 0.1466483 0.1640060 0.2013015 0.2098593 0.1776915 0.1686327 0.1783247 0.2008078 0.1686738 0.1786182 0.1732365 0.1597752 0.1640819 0.1426091 0.1417394 0.1462107 0.1466633 0.8004296 0.8025167 0.7935422 0.7932806 0.8196962 0.8240064 0.7829735 0.7646723 0.8245783 0.8710131 0.8405935 
gi_374432960_gb_JQ413391.1_loc_Centro 0.1755557 0.1802155 0.1849110 0.1756969 0.1752993 0.1751310 0.0000000 0.0138292 0.0208111 0.0208111 0.0208111 0.0208111 0.0314732 0.0314732 0.0278976 0.0278976 0.0609717 0.0460934 0.0314577 0.0497619 0.0813288 0.0891211 0.1098952 0.1244664 0.1093530 0.0931901 0.1015838 0.1137208 0.0932127 0.1017339 0.1135706 0.0852054 0.0891191 0.0851998 0.0732554 0.0618045 0.0619626 0.8093941 0.8116246 0.8020394 0.8017627 0.8293371 0.8342782 0.7909786 0.7937212 0.8347769 0.8839694 0.9536569 
gi_374432962_gb_JQ413392.1_loc_Centro 0.1669428 0.1715548 0.1762023 0.1670741 0.1667019 0.1665442 0.0138292 0.0000000 0.0138228 0.0138228 0.0138228 0.0138228 0.0243885 0.0243885 0.0208459 0.0208459 0.0535964 0.0388560 0.0243768 0.0424943 0.0736644 0.0813968 0.1059641 0.1204209 0.1014391 0.0854207 0.0937087 0.1138913 0.0854414 0.0938459 0.1056082 0.0775120 0.0813944 0.0775078 0.0656925 0.0543368 0.0620492 0.7995386 0.8016700 0.7925101 0.7922430 0.8192704 0.8236687 0.7817091 0.7843439 0.8242579 0.8719102 0.9217496 
gi_24429883_gb_AY145297.1_loc_Centro  0.1710019 0.1756283 0.1802902 0.1711376 0.1707541 0.1705917 0.0208111 0.0138228 0.0000000 0.0000010 0.0068573 0.0068573 0.0172823 0.0172823 0.0137876 0.0137876 0.0460668 0.0315335 0.0172741 0.0424154 0.0812804 0.0890668 0.1138841 0.1285774 0.1092819 0.0931325 0.1015191 0.1218520 0.0931550 0.1016689 0.1134956 0.0773562 0.0812297 0.0773521 0.0579892 0.0542324 0.0619280 0.8371969 0.8395500 0.8294186 0.8291339 0.8562667 0.8623479 0.8183919 0.8212601 0.8462859 0.8958524 0.9494539 
gi_24429891_gb_AY145301.1_loc_Centro  0.1710019 0.1756283 0.1802902 0.1711376 0.1707541 0.1705917 0.0208111 0.0138228 0.0000010 0.0000000 0.0068573 0.0068573 0.0172823 0.0172823 0.0137876 0.0137876 0.0460668 0.0315335 0.0172741 0.0424154 0.0812804 0.0890668 0.1138841 0.1285774 0.1092819 0.0931325 0.1015191 0.1218520 0.0931550 0.1016689 0.1134956 0.0773562 0.0812297 0.0773521 0.0579892 0.0542324 0.0619280 0.8371969 0.8395500 0.8294186 0.8291339 0.8562667 0.8623479 0.8183919 0.8212601 0.8462859 0.8958524 0.9494539 
gi_34420896_gb_AY297749.1_loc_Centro  0.1621701 0.1667398 0.1713444 0.1622957 0.1619384 0.1617870 0.0208111 0.0138228 0.0068573 0.0068573 0.0000000 0.0000010 0.0103180 0.0103180 0.0068597 0.0068597 0.0387820 0.0244027 0.0103132 0.0351679 0.0735173 0.0812321 0.1057383 0.1201532 0.1012258 0.0852463 0.0935137 0.1136456 0.0852669 0.0936503 0.1053841 0.0696355 0.0734721 0.0696326 0.0579892 0.0542324 0.0543687 0.8207897 0.8230809 0.8132291 0.8129479 0.8404677 0.8459032 0.8021323 0.8049383 0.8462859 0.8958524 0.9664335 
gi_24429881_gb_AY145296.1_loc_Centro  0.1621701 0.1667398 0.1713444 0.1622957 0.1619384 0.1617870 0.0208111 0.0138228 0.0068573 0.0068573 0.0000010 0.0000000 0.0103180 0.0103180 0.0068597 0.0068597 0.0387820 0.0244027 0.0103132 0.0351679 0.0735173 0.0812321 0.1057383 0.1201532 0.1012258 0.0852463 0.0935137 0.1136456 0.0852669 0.0936503 0.1053841 0.0696355 0.0734721 0.0696326 0.0579892 0.0542324 0.0543687 0.8207897 0.8230809 0.8132291 0.8129479 0.8404677 0.8459032 0.8021323 0.8049383 0.8462859 0.8958524 0.9664335 
gi_37222942_gb_AY304360.1_loc_Centro  0.1756283 0.1802902 0.1849878 0.1757697 0.1753717 0.1752032 0.0314732 0.0243885 0.0172823 0.0172823 0.0103180 0.0103180 0.0000000 0.0000010 0.0172886 0.0172886 0.0424450 0.0351498 0.0207941 0.0388096 0.0852590 0.0930889 0.1180901 0.1329435 0.1134382 0.0971850 0.1056411 0.1260975 0.0892731 0.1057980 0.1176832 0.0813096 0.0852054 0.0813047 0.0694319 0.0656164 0.0657857 0.8321284 0.8344805 0.8243597 0.8240739 0.8515326 0.8574680 0.8132291 0.8160985 0.8577331 0.9076696 0.9540616 
gi_215794515_gb_FJ168779.1_loc_Centro 0.1756283 0.1802902 0.1849878 0.1757697 0.1753717 0.1752032 0.0314732 0.0243885 0.0172823 0.0172823 0.0103180 0.0103180 0.0000010 0.0000000 0.0172886 0.0172886 0.0424450 0.0351498 0.0207941 0.0388096 0.0852590 0.0930889 0.1180901 0.1329435 0.1134382 0.0971850 0.1056411 0.1260975 0.0892731 0.1057980 0.1176832 0.0813096 0.0852054 0.0813047 0.0694319 0.0656164 0.0657857 0.8321284 0.8344805 0.8243597 0.8240739 0.8515326 0.8574680 0.8132291 0.8160985 0.8577331 0.9076696 0.9540616 
gi_374432956_gb_JQ413388.1_loc_Centro 0.1622368 0.1668086 0.1714152 0.1623625 0.1620049 0.1618533 0.0278976 0.0208459 0.0137876 0.0137876 0.0068597 0.0068597 0.0172886 0.0172886 0.0000000 0.0000010 0.0315818 0.0315452 0.0172805 0.0424313 0.0735457 0.0812636 0.1057802 0.1202019 0.1012655 0.0852795 0.0935504 0.1136907 0.0853001 0.0936872 0.1054257 0.0696624 0.0735005 0.0696595 0.0655888 0.0542531 0.0619517 0.8044805 0.8067070 0.7971432 0.7968659 0.8247300 0.8295177 0.7859934 0.7887337 0.8300689 0.8796391 0.9668339 
gi_374432958_gb_JQ413389.1_loc_Centro 0.1622368 0.1668086 0.1714152 0.1623625 0.1620049 0.1618533 0.0278976 0.0208459 0.0137876 0.0137876 0.0068597 0.0068597 0.0172886 0.0172886 0.0000010 0.0000000 0.0315818 0.0315452 0.0172805 0.0424313 0.0735457 0.0812636 0.1057802 0.1202019 0.1012655 0.0852795 0.0935504 0.1136907 0.0853001 0.0936872 0.1054257 0.0696624 0.0735005 0.0696595 0.0655888 0.0542531 0.0619517 0.8044805 0.8067070 0.7971432 0.7968659 0.8247300 0.8295177 0.7859934 0.7887337 0.8300689 0.8796391 0.9668339 
gi_365266226_gb_EF397627.2_loc_Centro 0.1762177 0.1809018 0.1856223 0.1763603 0.1759589 0.1757891 0.0609717 0.0535964 0.0460668 0.0460668 0.0387820 0.0387820 0.0424450 0.0424450 0.0315818 0.0315818 0.0000000 0.0573953 0.0424232 0.0612158 0.0936810 0.1016393 0.1271593 0.1424401 0.1223727 0.1058197 0.1144682 0.1352926 0.0977725 0.1146412 0.1267093 0.0786488 0.0825850 0.0786444 0.0853714 0.0736717 0.0895602 0.8121830 0.8144914 0.8045769 0.8042917 0.8326118 0.8378476 0.7932121 0.7960409 0.8383245 0.8891916 1.0046094 
gi_213536500_gb_EU857550.1_loc_Centro 0.1762164 0.1809000 0.1856200 0.1763590 0.1759576 0.1757878 0.0460934 0.0388560 0.0315335 0.0315335 0.0244027 0.0244027 0.0351498 0.0351498 0.0315452 0.0315452 0.0573953 0.0000000 0.0208679 0.0462734 0.0776591 0.0854414 0.1102144 0.1248445 0.1056339 0.0894988 0.0978630 0.1181879 0.0895205 0.0980073 0.1098400 0.0737404 0.0776108 0.0737368 0.0619746 0.0581852 0.0659592 0.8740491 0.8766674 0.8653636 0.8650571 0.8926082 0.9005877 0.8539750 0.8571224 0.9003937 0.9525094 1.0036189 
gi_87137209_gb_DQ362941.1_loc_Centro  0.1578199 0.1623625 0.1669396 0.1667398 0.1575960 0.1574498 0.0314577 0.0243768 0.0172741 0.0172741 0.0103132 0.0103132 0.0207941 0.0207941 0.0172805 0.0172805 0.0424232 0.0208679 0.0000000 0.0244364 0.0620288 0.0696382 0.0936931 0.1076986 0.0893080 0.0735777 0.0816721 0.1015081 0.0735955 0.0817897 0.0933874 0.0582090 0.0619914 0.0582075 0.0467751 0.0430722 0.0506268 0.8371969 0.8395500 0.8294186 0.8291339 0.8562667 0.8623479 0.8183919 0.8212601 0.8625604 0.9120495 0.9828642 
gi_213536498_gb_EU857549.1_loc_Centro 0.1529998 0.1485625 0.1620226 0.1618313 0.1527852 0.1526453 0.0497619 0.0424943 0.0424154 0.0424154 0.0351679 0.0351679 0.0388096 0.0388096 0.0424313 0.0424313 0.0612158 0.0462734 0.0244364 0.0000000 0.0657841 0.0734203 0.0975950 0.1117153 0.0931741 0.0773800 0.0855217 0.1054304 0.0696739 0.0856453 0.0972742 0.0619478 0.0657442 0.0619458 0.0504551 0.0467378 0.0543317 0.8134449 0.8156907 0.8060379 0.8057604 0.8332421 0.8383420 0.7949952 0.7977526 0.8387992 0.8879970 0.9113490 
gi_213536516_gb_EU857558.1_loc_Centro 0.1469826 0.1514036 0.1558577 0.1556773 0.1467800 0.1466483 0.0813288 0.0736644 0.0812804 0.0812804 0.0735173 0.0735173 0.0852590 0.0852590 0.0735457 0.0735457 0.0936810 0.0776591 0.0620288 0.0657841 0.0000000 0.0138253 0.0425717 0.0470746 0.0388219 0.0244298 0.0244831 0.0424943 0.0173459 0.0245153 0.0351969 0.0611917 0.0649466 0.0537134 0.0424406 0.0461553 0.0536613 0.8669140 0.8694478 0.8585119 0.8582132 0.8635176 0.8699987 0.8252843 0.8503823 0.8927378 0.9436040 0.9610820 
gi_213536514_gb_EU857557.1_loc_Centro 0.1643919 0.1689291 0.1735007 0.1732926 0.1641586 0.1640060 0.0891211 0.0813968 0.0890668 0.0890668 0.0812321 0.0812321 0.0930889 0.0930889 0.0812636 0.0812636 0.1016393 0.0854414 0.0696382 0.0734203 0.0138253 0.0000000 0.0425497 0.0545627 0.0460891 0.0315527 0.0316226 0.0498032 0.0243944 0.0316646 0.0424286 0.0687065 0.0724955 0.0611562 0.0572092 0.0534998 0.0610963 0.8861538 0.8887694 0.8774547 0.8771511 0.8666277 0.8895265 0.8443751 0.8694674 0.9118787 0.9628161 0.9956650 
gi_148330965_gb_EF589610.1_loc_Centro 0.1922989 0.1970540 0.2018461 0.2015884 0.2015046 0.2013015 0.1098952 0.1059641 0.1138841 0.1138841 0.1057383 0.1057383 0.1180901 0.1180901 0.1057802 0.1057802 0.1271593 0.1102144 0.0936931 0.0975950 0.0425717 0.0425497 0.0000000 0.0321326 0.0388921 0.0244728 0.0389854 0.0537048 0.0316321 0.0464335 0.0649482 0.1003832 0.1043563 0.0924501 0.0881848 0.0842941 0.0884441 0.9601052 0.9632293 0.9495792 0.9718429 0.9536816 0.9649058 0.9151422 0.9416916 0.9870726 1.0419967 1.0695020 
gi_343112600_gb_JF325877.1_loc_Centro 0.2006210 0.2055135 0.2104452 0.2101674 0.2100783 0.2098593 0.1244664 0.1204209 0.1285774 0.1285774 0.1201532 0.1201532 0.1329435 0.1329435 0.1202019 0.1202019 0.1424401 0.1248445 0.1076986 0.1117153 0.0470746 0.0545627 0.0321326 0.0000000 0.0433064 0.0285513 0.0434135 0.0584701 0.0358761 0.0510454 0.0699714 0.1062701 0.1103358 0.0981483 0.0937602 0.0897795 0.0940436 1.0118689 1.0154586 0.9996396 1.0227837 1.0032669 1.0179261 0.9635899 0.9917104 1.0402787 1.0995491 1.1400184 
gi_42632366_gb_AY530093.1_loc_Centro  0.1777922 0.1824213 0.1870856 0.1868549 0.1867781 0.1776915 0.1093530 0.1014391 0.1092819 0.1092819 0.1012258 0.1012258 0.1134382 0.1134382 0.1012655 0.1012655 0.1223727 0.1056339 0.0893080 0.0931741 0.0388219 0.0460891 0.0388921 0.0433064 0.0000000 0.0138285 0.0352580 0.0535476 0.0279745 0.0426366 0.0610117 0.0881316 0.0920250 0.0803634 0.0762315 0.0724186 0.0802820 0.9318814 0.9346920 0.9224527 0.9436476 0.9266609 0.9359476 0.8897681 0.9148157 0.9573492 1.0084895 1.0125993 
gi_52078088_gb_AY622381.1_loc_Centro  0.1600102 0.1645186 0.1690612 0.1688602 0.1687913 0.1686327 0.0931901 0.0854207 0.0931325 0.0931325 0.0852463 0.0852463 0.0971850 0.0971850 0.0852795 0.0852795 0.1058197 0.0894988 0.0735777 0.0773800 0.0244298 0.0315527 0.0244728 0.0285513 0.0138285 0.0000000 0.0209185 0.0388271 0.0138331 0.0281040 0.0461309 0.0725959 0.0764090 0.0649961 0.0610095 0.0572767 0.0649319 0.8971828 0.8998799 0.8881991 0.9099821 0.8928957 0.9007681 0.8548049 0.8801951 0.9231856 0.9748933 0.9776416 
gi_374432966_gb_JQ413394.1_loc_Centro 0.1695598 0.1741562 0.1787880 0.1785701 0.1784965 0.1783247 0.1015838 0.0937087 0.1015191 0.1015191 0.0935137 0.0935137 0.1056411 0.1056411 0.0935504 0.0935504 0.1144682 0.0978630 0.0816721 0.0855217 0.0244831 0.0316226 0.0389854 0.0434135 0.0352580 0.0209185 0.0000000 0.0316383 0.0138625 0.0281661 0.0462369 0.0805858 0.0844544 0.0728721 0.0687974 0.0650106 0.0727989 0.9098314 0.9126631 0.9003861 0.9000641 0.9050539 0.9137218 0.8661932 0.8922573 0.9365276 0.9899579 1.0178048 
gi_213536620_gb_EU857610.1_loc_Centro 0.1918342 0.1965733 0.2013491 0.2010930 0.2010097 0.2008078 0.1137208 0.1138913 0.1218520 0.1218520 0.1136456 0.1136456 0.1260975 0.1260975 0.1136907 0.1136907 0.1352926 0.1181879 0.1015081 0.1054304 0.0424943 0.0498032 0.0537048 0.0584701 0.0535476 0.0388271 0.0316383 0.0000000 0.0315757 0.0463481 0.0724981 0.1001799 0.1041435 0.0922655 0.0880106 0.0841287 0.0843534 0.9381733 0.9411000 0.9283507 0.9280248 0.9326079 0.9424683 0.8947445 0.9205301 0.9644063 1.0025886 1.0595350 
gi_213536616_gb_EU857608.1_loc_Centro 0.1600493 0.1645589 0.1691026 0.1689014 0.1688325 0.1686738 0.0932127 0.0854414 0.0931550 0.0931550 0.0852669 0.0852669 0.0892731 0.0892731 0.0853001 0.0853001 0.0977725 0.0895205 0.0735955 0.0696739 0.0173459 0.0243944 0.0316321 0.0358761 0.0279745 0.0138331 0.0138625 0.0315757 0.0000000 0.0209508 0.0461417 0.0726132 0.0764272 0.0650115 0.0610240 0.0572903 0.0649473 0.9040032 0.9067645 0.8947977 0.8944821 0.8994671 0.9077405 0.8610565 0.8867473 0.9303013 0.9827470 0.9858725 
gi_113472637_gb_DQ843659.1_loc_Centro 0.1607552 0.1652921 0.1698638 0.1696604 0.1695908 0.1786182 0.1017339 0.0938459 0.1016689 0.1016689 0.0936503 0.0936503 0.1057980 0.1057980 0.0936872 0.0936872 0.1146412 0.0980073 0.0817897 0.0856453 0.0245153 0.0316646 0.0464335 0.0510454 0.0426366 0.0281040 0.0281661 0.0463481 0.0209508 0.0000000 0.0537678 0.0729782 0.0768146 0.0653327 0.0688934 0.0651010 0.0729014 0.9081466 0.9108677 0.8990624 0.8987520 0.9035846 0.9118675 0.8660280 0.8912081 0.9338639 0.9851300 0.9646588 
gi_239781638_gb_GQ153651.1_loc_Centro 0.1736521 0.1782643 0.1829118 0.1826876 0.1734011 0.1732365 0.1135706 0.1056082 0.1134956 0.1134956 0.1053841 0.1053841 0.1176832 0.1176832 0.1054257 0.1054257 0.1267093 0.1098400 0.0933874 0.0972742 0.0351969 0.0424286 0.0649482 0.0699714 0.0610117 0.0461309 0.0462369 0.0724981 0.0461417 0.0537678 0.0000000 0.0921596 0.0960784 0.0766042 0.0801645 0.0763269 0.0842529 0.8445125 0.8469289 0.8365215 0.8582831 0.8417477 0.8472390 0.8034249 0.8283045 0.8702000 0.9204687 0.9579399 
gi_213536508_gb_EU857554.1_loc_Centro 0.1601487 0.1646624 0.1692103 0.1690089 0.1599227 0.1597752 0.0852054 0.0775120 0.0773562 0.0773562 0.0696355 0.0696355 0.0813096 0.0813096 0.0696624 0.0696624 0.0786488 0.0737404 0.0582090 0.0619478 0.0611917 0.0687065 0.1003832 0.1062701 0.0881316 0.0725959 0.0805858 0.1001799 0.0726132 0.0729782 0.0921596 0.0000000 0.0034224 0.0279312 0.0461352 0.0352205 0.0499357 0.8436605 0.8461280 0.8355070 0.8352106 0.8631879 0.8698077 0.8241119 0.8271050 0.8699483 0.9215193 0.9220443 
gi_340008331_gb_JN184400.1_loc_Centro 0.1644683 0.1690089 0.1735839 0.1733755 0.1642347 0.1640819 0.0891191 0.0813944 0.0812297 0.0812297 0.0734721 0.0734721 0.0852054 0.0852054 0.0735005 0.0735005 0.0825850 0.0776108 0.0619914 0.0657442 0.0649466 0.0724955 0.1043563 0.1103358 0.0920250 0.0764090 0.0844544 0.1041435 0.0764272 0.0768146 0.0960784 0.0034224 0.0000000 0.0314955 0.0498014 0.0388340 0.0536299 0.8518027 0.8543009 0.8270194 0.8432416 0.8710036 0.8779529 0.8321870 0.8352106 0.8780057 0.9295042 0.9303578 
gi_213536512_gb_EU857556.1_loc_Centro 0.1429323 0.1473339 0.1517685 0.1515940 0.1427364 0.1426091 0.0851998 0.0775078 0.0773521 0.0773521 0.0696326 0.0696326 0.0813047 0.0813047 0.0696595 0.0696595 0.0786444 0.0737368 0.0582075 0.0619458 0.0537134 0.0611562 0.0924501 0.0981483 0.0803634 0.0649961 0.0728721 0.0922655 0.0650115 0.0653327 0.0766042 0.0279312 0.0314955 0.0000000 0.0461348 0.0424800 0.0499350 0.8327290 0.8351366 0.8247820 0.8244900 0.8525416 0.8558074 0.8358852 0.8163464 0.8589212 0.9101450 0.9272845 
gi_213536526_gb_EU857563.1_loc_Centro 0.1420580 0.1464236 0.1420804 0.1506495 0.1418649 0.1417394 0.0732554 0.0656925 0.0579892 0.0579892 0.0579892 0.0579892 0.0694319 0.0694319 0.0655888 0.0655888 0.0853714 0.0619746 0.0467751 0.0504551 0.0424406 0.0572092 0.0881848 0.0937602 0.0762315 0.0610095 0.0687974 0.0880106 0.0610240 0.0688934 0.0801645 0.0461352 0.0498014 0.0461348 0.0000000 0.0315133 0.0388028 0.8490066 0.8514210 0.8410158 0.8407267 0.8677625 0.8743629 0.8299671 0.8328988 0.8582988 0.9082462 0.9082250 
gi_213536522_gb_EU857561.1_loc_Centro 0.1465426 0.1509454 0.1553809 0.1552019 0.1463415 0.1462107 0.0618045 0.0543368 0.0542324 0.0542324 0.0542324 0.0542324 0.0656164 0.0656164 0.0542531 0.0542531 0.0736717 0.0581852 0.0430722 0.0467378 0.0461553 0.0534998 0.0842941 0.0897795 0.0724186 0.0572767 0.0650106 0.0841287 0.0572903 0.0651010 0.0763269 0.0352205 0.0388340 0.0424800 0.0315133 0.0000000 0.0351878 0.8185086 0.8207749 0.8110302 0.8107514 0.8381325 0.8434328 0.7999995 0.8027784 0.8438379 0.8930220 0.8995842 
gi_213536518_gb_EU857559.1_loc_Centro 0.1469977 0.1514191 0.1558737 0.1556933 0.1467951 0.1466633 0.0619626 0.0620492 0.0619280 0.0619280 0.0543687 0.0543687 0.0657857 0.0657857 0.0619517 0.0619517 0.0895602 0.0659592 0.0506268 0.0543317 0.0536613 0.0610963 0.0884441 0.0940436 0.0802820 0.0649319 0.0727989 0.0843534 0.0649473 0.0729014 0.0842529 0.0499357 0.0536299 0.0499350 0.0388028 0.0351878 0.0000000 0.8354674 0.8379053 0.8274200 0.8271251 0.8553313 0.8616232 0.8159775 0.8189412 0.8618522 0.9135241 0.9308777 
gi_156567693_gb_EF535506.1_loc_Centro 0.7842779 0.7737461 0.7845423 0.7442200 0.7972925 0.8004296 0.8093941 0.7995386 0.8371969 0.8371969 0.8207897 0.8207897 0.8321284 0.8321284 0.8044805 0.8044805 0.8121830 0.8740491 0.8371969 0.8134449 0.8669140 0.8861538 0.9601052 1.0118689 0.9318814 0.8971828 0.9098314 0.9381733 0.9040032 0.9081466 0.8445125 0.8436605 0.8518027 0.8327290 0.8490066 0.8185086 0.8354674 0.0000000 0.0138425 0.0279985 0.0280287 0.0315990 0.0353196 0.0316335 0.0316178 0.0425870 0.0730392 0.2062853 
gi_118498878_gb_EF081369.1_loc_Centro 0.7863030 0.7757179 0.7865694 0.7460499 0.7993536 0.8025167 0.8116246 0.8016700 0.8395500 0.8395500 0.8230809 0.8230809 0.8344805 0.8344805 0.8067070 0.8067070 0.8144914 0.8766674 0.8395500 0.8156907 0.8694478 0.8887694 0.9632293 1.0154586 0.9346920 0.8998799 0.9126631 0.9411000 0.9067645 0.9108677 0.8469289 0.8461280 0.8543009 0.8351366 0.8514210 0.8207749 0.8379053 0.0138425 0.0000000 0.0352261 0.0352650 0.0388740 0.0426651 0.0389175 0.0388976 0.0500162 0.0730602 0.2161074 
gi_113472627_gb_DQ843658.1_loc_Centro 0.7776008 0.7672452 0.7778586 0.7381870 0.7904912 0.7935422 0.8020394 0.7925101 0.8294186 0.8294186 0.8132291 0.8132291 0.8243597 0.8243597 0.7971432 0.7971432 0.8045769 0.8653636 0.8294186 0.8060379 0.8585119 0.8774547 0.9495792 0.9996396 0.9224527 0.8881991 0.9003861 0.9283507 0.8947977 0.8990624 0.8365215 0.8355070 0.8270194 0.8247820 0.8410158 0.8110302 0.8274200 0.0279985 0.0352261 0.0000000 0.0138333 0.0173281 0.0209143 0.0173461 0.0173379 0.0352440 0.0728945 0.2057542 
gi_340008351_gb_JN184402.1_loc_Centro 0.7773432 0.7669918 0.7776008 0.7379448 0.7902321 0.7932806 0.8017627 0.7922430 0.8291339 0.8291339 0.8129479 0.8129479 0.8240739 0.8240739 0.7968659 0.7968659 0.8042917 0.8650571 0.8291339 0.8057604 0.8582132 0.8771511 0.9718429 1.0227837 0.9436476 0.9099821 0.9000641 0.9280248 0.8944821 0.8987520 0.8582831 0.8352106 0.8432416 0.8244900 0.8407267 0.8107514 0.8271251 0.0280287 0.0352650 0.0138333 0.0000000 0.0173461 0.0209364 0.0173642 0.0173560 0.0352830 0.0729854 0.2036429 
gi_374432984_gb_JQ413403.1_loc_Centro 0.7963598 0.7859943 0.7966239 0.7569287 0.8089886 0.8196962 0.8293371 0.8192704 0.8562667 0.8562667 0.8404677 0.8404677 0.8515326 0.8515326 0.8247300 0.8247300 0.8326118 0.8926082 0.8562667 0.8332421 0.8635176 0.8666277 0.9536816 1.0032669 0.9266609 0.8928957 0.9050539 0.9326079 0.8994671 0.9035846 0.8417477 0.8631879 0.8710036 0.8525416 0.8677625 0.8381325 0.8553313 0.0315990 0.0388740 0.0173281 0.0173461 0.0000000 0.0173757 0.0138351 0.0208713 0.0388939 0.0767978 0.2105879 
gi_24429885_gb_AY145298.1_loc_Centro  0.8077584 0.7970041 0.8080363 0.7669029 0.8206886 0.8240064 0.8342782 0.8236687 0.8623479 0.8623479 0.8459032 0.8459032 0.8574680 0.8574680 0.8295177 0.8295177 0.8378476 0.9005877 0.8623479 0.8383420 0.8699987 0.8895265 0.9649058 1.0179261 0.9359476 0.9007681 0.9137218 0.9424683 0.9077405 0.9118675 0.8472390 0.8698077 0.8779529 0.8558074 0.8743629 0.8434328 0.8616232 0.0353196 0.0426651 0.0209143 0.0209364 0.0173757 0.0000000 0.0069881 0.0173856 0.0426870 0.0809794 0.2163987 
gi_24429889_gb_AY145300.1_loc_Centro  0.7669918 0.7566795 0.7672452 0.7277239 0.7799824 0.7829735 0.7909786 0.7817091 0.8183919 0.8183919 0.8021323 0.8021323 0.8132291 0.8132291 0.7859934 0.7859934 0.7932121 0.8539750 0.8183919 0.7949952 0.8252843 0.8443751 0.9151422 0.9635899 0.8897681 0.8548049 0.8661932 0.8947445 0.8610565 0.8660280 0.8034249 0.8241119 0.8321870 0.8358852 0.8299671 0.7999995 0.8159775 0.0316335 0.0389175 0.0173461 0.0173642 0.0138351 0.0069881 0.0000000 0.0138429 0.0389374 0.0768948 0.2109746 
gi_24429867_gb_AY145289.1_loc_Centro  0.7695135 0.7591438 0.7697691 0.7300376 0.7825391 0.7646723 0.7937212 0.7843439 0.8212601 0.8212601 0.8049383 0.8049383 0.8160985 0.8160985 0.7887337 0.7887337 0.7960409 0.8571224 0.8212601 0.7977526 0.8503823 0.8694674 0.9416916 0.9917104 0.9148157 0.8801951 0.8922573 0.9205301 0.8867473 0.8912081 0.8283045 0.8271050 0.8352106 0.8163464 0.8328988 0.8027784 0.8189412 0.0316178 0.0388976 0.0173379 0.0173560 0.0208713 0.0173856 0.0138429 0.0000000 0.0389175 0.0691686 0.1920796 
gi_215794505_gb_FJ168778.1_loc_Centro 0.8084861 0.7978287 0.8087617 0.7679919 0.8212882 0.8245783 0.8347769 0.8242579 0.8462859 0.8462859 0.8462859 0.8462859 0.8577331 0.8577331 0.8300689 0.8300689 0.8383245 0.9003937 0.8625604 0.8387992 0.8927378 0.9118787 0.9870726 1.0402787 0.9573492 0.9231856 0.9365276 0.9644063 0.9303013 0.9338639 0.8702000 0.8699483 0.8780057 0.8589212 0.8582988 0.8438379 0.8618522 0.0425870 0.0500162 0.0352440 0.0352830 0.0388939 0.0426870 0.0389374 0.0389175 0.0000000 0.0501325 0.1873507 
gi_326649640_gb_HM197719.1_loc_Centro 0.8548717 0.8438434 0.8551731 0.8130758 0.8673717 0.8710131 0.8839694 0.8719102 0.8958524 0.8958524 0.8958524 0.8958524 0.9076696 0.9076696 0.8796391 0.8796391 0.8891916 0.9525094 0.9120495 0.8879970 0.9436040 0.9628161 1.0419967 1.0995491 1.0084895 0.9748933 0.9899579 1.0025886 0.9827470 0.9851300 0.9204687 0.9215193 0.9295042 0.9101450 0.9082462 0.8930220 0.9135241 0.0730392 0.0730602 0.0728945 0.0729854 0.0767978 0.0809794 0.0768948 0.0691686 0.0501325 0.0000000 0.2073208 
gi_374432978_gb_JQ413400.1_loc_Centro 0.8466273 0.8353594 0.8469324 0.8039397 0.8595401 0.8405935 0.9536569 0.9217496 0.9494539 0.9494539 0.9664335 0.9664335 0.9540616 0.9540616 0.9668339 0.9668339 1.0046094 1.0036189 0.9828642 0.9113490 0.9610820 0.9956650 1.0695020 1.1400184 1.0125993 0.9776416 1.0178048 1.0595350 0.9858725 0.9646588 0.9579399 0.9220443 0.9303578 0.9272845 0.9082250 0.8995842 0.9308777 0.2062853 0.2161074 0.2057542 0.2036429 0.2105879 0.2163987 0.2109746 0.1920796 0.1873507 0.2073208 0.0000000 
